#  Xmm  Ymm  dx(px)  dy(px)
 -63.708  -63.879
 -58.184  -63.635
 -52.719  -63.418
 -47.305  -63.225
 -41.937  -63.056
 -36.609  -62.910
 -31.314  -62.787
 -26.047  -62.686
 -20.803  -62.606
 -15.575  -62.547
 -10.360  -62.508
  -5.152  -62.490
   0.054  -62.493
   5.264  -62.516
  10.481  -62.559
  15.713  -62.625
  20.963  -62.711
  26.239  -62.821
  31.545  -62.953
  36.889  -63.110
  42.278  -63.292
  47.718  -63.502
  53.219  -63.739
  58.788  -64.006
  64.437  -64.306
 -63.467  -58.317
 -57.967  -58.098
 -52.525  -57.902
 -47.135  -57.729
 -41.789  -57.577
 -36.482  -57.446
 -31.208  -57.336
 -25.961  -57.244
 -20.736  -57.172
 -15.529  -57.119
 -10.333  -57.084
  -5.144  -57.068
   0.043  -57.070
   5.233  -57.090
  10.430  -57.129
  15.641  -57.187
  20.871  -57.264
  26.125  -57.361
  31.408  -57.480
  36.729  -57.620
  42.092  -57.782
  47.506  -57.969
  52.979  -58.181
  58.519  -58.420
  64.135  -58.688
 -63.250  -52.821
 -57.772  -52.625
 -52.352  -52.451
 -46.981  -52.296
 -41.655  -52.161
 -36.367  -52.044
 -31.112  -51.945
 -25.883  -51.864
 -20.676  -51.799
 -15.486  -51.752
 -10.308  -51.720
  -5.136  -51.705
   0.033  -51.707
   5.206  -51.724
  10.385  -51.759
  15.578  -51.810
  20.789  -51.878
  26.023  -51.965
  31.287  -52.070
  36.586  -52.194
  41.927  -52.338
  47.318  -52.504
  52.765  -52.692
  58.278  -52.904
  63.866  -53.142
 -63.056  -47.384
 -57.598  -47.211
 -52.197  -47.056
 -46.845  -46.919
 -41.536  -46.799
 -36.265  -46.696
 -31.026  -46.608
 -25.814  -46.536
 -20.623  -46.479
 -15.448  -46.437
 -10.285  -46.409
  -5.129  -46.395
   0.025  -46.396
   5.182  -46.412
  10.346  -46.442
  15.523  -46.487
  20.717  -46.547
  25.934  -46.623
  31.180  -46.715
  36.460  -46.825
  41.782  -46.952
  47.151  -47.098
  52.577  -47.264
  58.066  -47.451
  63.629  -47.660
 -62.885  -41.998
 -57.445  -41.846
 -52.060  -41.711
 -46.724  -41.591
 -41.431  -41.486
 -36.175  -41.395
 -30.951  -41.319
 -25.752  -41.255
 -20.575  -41.205
 -15.414  -41.168
 -10.265  -41.143
  -5.122  -41.132
   0.019  -41.132
   5.162  -41.145
  10.312  -41.172
  15.474  -41.211
  20.654  -41.263
  25.856  -41.329
  31.086  -41.410
  36.350  -41.505
  41.654  -41.616
  47.006  -41.743
  52.412  -41.888
  57.880  -42.051
  63.421  -42.234
 -62.736  -36.656
 -57.311  -36.525
 -51.941  -36.408
 -46.619  -36.305
 -41.340  -36.214
 -36.097  -36.136
 -30.885  -36.069
 -25.699  -36.015
 -20.533  -35.971
 -15.384  -35.939
 -10.247  -35.918
  -5.116  -35.907
   0.013  -35.908
   5.144  -35.919
  10.282  -35.941
  15.433  -35.975
  20.600  -36.020
  25.788  -36.077
  31.005  -36.146
  36.255  -36.228
  41.544  -36.324
  46.879  -36.433
  52.269  -36.558
  57.719  -36.698
  63.240  -36.856
 -62.608  -31.353
 -57.196  -31.241
 -51.839  -31.142
 -46.529  -31.054
 -41.261  -30.977
 -36.029  -30.911
 -30.828  -30.855
 -25.653  -30.808
 -20.498  -30.771
 -15.359  -30.744
 -10.231  -30.726
  -5.110  -30.717
   0.009  -30.717
   5.130  -30.727
  10.258  -30.745
  15.397  -30.774
  20.553  -30.812
  25.731  -30.860
  30.936  -30.918
  36.173  -30.988
  41.450  -31.068
  46.772  -31.161
  52.146  -31.266
  57.582  -31.385
  63.086  -31.519
 -62.500  -26.081
 -57.100  -25.989
 -51.753  -25.907
 -46.453  -25.834
 -41.195  -25.771
 -35.973  -25.716
 -30.781  -25.669
 -25.614  -25.631
 -20.467  -25.600
 -15.337  -25.577
 -10.218  -25.562
  -5.105  -25.555
   0.005  -25.555
   5.117  -25.563
  10.237  -25.578
  15.368  -25.602
  20.515  -25.633
  25.683  -25.673
  30.878  -25.721
  36.105  -25.778
  41.371  -25.844
  46.682  -25.921
  52.044  -26.008
  57.467  -26.106
  62.958  -26.216
 -62.413  -20.836
 -57.021  -20.762
 -51.683  -20.697
 -46.392  -20.639
 -41.141  -20.588
 -35.926  -20.544
 -30.742  -20.507
 -25.582  -20.477
 -20.443  -20.452
 -15.319  -20.434
 -10.207  -20.422
  -5.101  -20.416
   0.002  -20.416
   5.108  -20.422
  10.220  -20.435
  15.344  -20.453
  20.483  -20.478
  25.644  -20.509
  30.831  -20.548
  36.050  -20.593
  41.307  -20.646
  46.609  -20.707
  51.962  -20.776
  57.374  -20.854
  62.853  -20.941
 -62.345  -15.611
 -56.960  -15.556
 -51.629  -15.507
 -46.344  -15.463
 -41.100  -15.425
 -35.890  -15.392
 -30.711  -15.365
 -25.557  -15.342
 -20.424  -15.323
 -15.305  -15.310
 -10.198  -15.301
  -5.098  -15.296
   0.000  -15.296
   5.100  -15.301
  10.207  -15.310
  15.325  -15.323
  20.459  -15.342
  25.614  -15.365
  30.795  -15.394
  36.008  -15.428
  41.258  -15.468
  46.552  -15.513
  51.897  -15.565
  57.301  -15.623
  62.772  -15.689
 -62.296  -10.402
 -56.916  -10.365
 -51.590  -10.331
 -46.309  -10.302
 -41.069  -10.277
 -35.865  -10.254
 -30.690  -10.236
 -25.540  -10.220
 -20.410  -10.208
 -15.295  -10.199
 -10.192  -10.193
  -5.096  -10.190
  -0.001  -10.189
   5.095  -10.192
  10.198  -10.198
  15.312  -10.208
  20.442  -10.220
  25.593  -10.236
  30.769  -10.255
  35.977  -10.278
  41.223  -10.304
  46.512  -10.335
  51.852  -10.370
  57.250  -10.409
  62.714  -10.453
 -62.266   -5.203
 -56.889   -5.184
 -51.566   -5.166
 -46.288   -5.151
 -41.051   -5.138
 -35.849   -5.126
 -30.676   -5.116
 -25.529   -5.108
 -20.401   -5.102
 -15.289   -5.097
 -10.188   -5.094
  -5.094   -5.092
  -0.002   -5.092
   5.092   -5.094
  10.192   -5.097
  15.304   -5.101
  20.431   -5.108
  25.579   -5.116
  30.753   -5.126
  35.959   -5.137
  41.201   -5.151
  46.487   -5.167
  51.823   -5.185
  57.218   -5.206
  62.679   -5.229
 -62.254   -0.010
 -56.879   -0.008
 -51.557   -0.006
 -46.280   -0.005
 -41.044   -0.004
 -35.843   -0.003
 -30.671   -0.002
 -25.525   -0.001
 -20.398   -0.001
 -15.287   -0.000
 -10.187    0.000
  -5.093    0.000
  -0.002    0.000
   5.091    0.000
  10.190    0.000
  15.301    0.000
  20.428   -0.000
  25.575   -0.001
  30.747   -0.001
  35.952   -0.002
  41.193   -0.003
  46.478   -0.004
  51.813   -0.006
  57.206   -0.008
  62.665   -0.010
 -62.261    5.183
 -56.886    5.168
 -51.562    5.153
 -46.285    5.141
 -41.048    5.130
 -35.847    5.120
 -30.674    5.112
 -25.527    5.106
 -20.400    5.100
 -15.288    5.096
 -10.188    5.094
  -5.094    5.092
  -0.002    5.093
   5.092    5.094
  10.192    5.097
  15.303    5.101
  20.430    5.107
  25.578    5.114
  30.752    5.122
  35.956    5.133
  41.198    5.144
  46.484    5.158
  51.820    5.173
  57.214    5.189
  62.674    5.208
 -62.287   10.380
 -56.909   10.347
 -51.583   10.317
 -46.303   10.291
 -41.064   10.268
 -35.860   10.247
 -30.686   10.230
 -25.537   10.216
 -20.407   10.205
 -15.294   10.197
 -10.191   10.191
  -5.095   10.189
  -0.001   10.189
   5.095   10.192
  10.197   10.198
  15.310   10.206
  20.440   10.218
  25.590   10.233
  30.766   10.251
  35.973   10.272
  41.217   10.296
  46.506   10.324
  51.844   10.356
  57.241   10.391
  62.705   10.431
 -62.331   15.587
 -56.949   15.536
 -51.619   15.490
 -46.335   15.450
 -41.092   15.414
 -35.884   15.383
 -30.706   15.357
 -25.553   15.336
 -20.420   15.318
 -15.303   15.306
 -10.196   15.297
  -5.097   15.293
   0.000   15.293
   5.100   15.298
  10.206   15.307
  15.323   15.320
  20.456   15.338
  25.610   15.360
  30.790   15.387
  36.001   15.420
  41.250   15.457
  46.543   15.500
  51.887   15.548
  57.289   15.602
  62.758   15.663
 -62.395   20.808
 -57.006   20.738
 -51.669   20.677
 -46.380   20.622
 -41.131   20.574
 -35.918   20.532
 -30.734   20.497
 -25.576   20.468
 -20.438   20.445
 -15.315   20.428
 -10.204   20.416
  -5.100   20.411
   0.003   20.411
   5.107   20.417
  10.218   20.429
  15.340   20.447
  20.479   20.471
  25.638   20.501
  30.824   20.538
  36.041   20.581
  41.297   20.632
  46.596   20.690
  51.947   20.755
  57.356   20.829
  62.833   20.911
 -62.478   26.048
 -57.080   25.960
 -51.736   25.882
 -46.438   25.813
 -41.182   25.752
 -35.961   25.699
 -30.771   25.655
 -25.606   25.618
 -20.461   25.589
 -15.332   25.567
 -10.214   25.553
  -5.103   25.546
   0.005   25.546
   5.116   25.554
  10.234   25.569
  15.363   25.591
  20.509   25.622
  25.675   25.660
  30.869   25.707
  36.094   25.762
  41.357   25.826
  46.666   25.899
  52.025   25.982
  57.445   26.075
  62.932   26.180
 -62.580   31.313
 -57.172   31.206
 -51.817   31.111
 -46.511   31.027
 -41.245   30.953
 -36.016   30.889
 -30.817   30.835
 -25.643   30.791
 -20.490   30.755
 -15.353   30.729
 -10.227   30.711
  -5.108   30.703
   0.009   30.703
   5.128   30.713
  10.254   30.731
  15.392   30.759
  20.546   30.796
  25.722   30.842
  30.924   30.899
  36.159   30.966
  41.433   31.044
  46.752   31.133
  52.123   31.234
  57.554   31.348
  63.055   31.475
 -62.702   36.608
 -57.282   36.482
 -51.915   36.370
 -46.597   36.270
 -41.321   36.183
 -36.080   36.107
 -30.871   36.043
 -25.687   35.991
 -20.524   35.949
 -15.377   35.918
 -10.242   35.897
  -5.113   35.887
   0.014   35.888
   5.143   35.899
  10.279   35.921
  15.426   35.954
  20.591   35.998
  25.777   36.053
  30.991   36.120
  36.238   36.199
  41.523   36.292
  46.855   36.397
  52.240   36.517
  57.686   36.652
  63.202   36.803
 -62.845   41.939
 -57.410   41.793
 -52.030   41.663
 -46.698   41.548
 -41.409   41.446
 -36.156   41.359
 -30.935   41.285
 -25.739   41.224
 -20.564   41.175
 -15.406   41.139
 -10.259   41.116
  -5.119   41.104
   0.019   41.105
   5.159   41.118
  10.307   41.144
  15.467   41.182
  20.644   41.233
  25.843   41.297
  31.069   41.375
  36.330   41.468
  41.630   41.575
  46.977   41.698
  52.378   41.837
  57.841   41.995
  63.376   42.170
 -63.010   47.313
 -57.558   47.146
 -52.161   46.997
 -46.814   46.865
 -41.510   46.750
 -36.243   46.650
 -31.007   46.565
 -25.798   46.496
 -20.610   46.440
 -15.439   46.399
 -10.279   46.372
  -5.126   46.360
   0.026   46.361
   5.179   46.376
  10.340   46.405
  15.514   46.449
  20.705   46.508
  25.918   46.581
  31.160   46.671
  36.436   46.777
  41.753   46.900
  47.118   47.041
  52.537   47.201
  58.020   47.381
  63.576   47.583
 -63.196   52.735
 -57.725   52.547
 -52.311   52.379
 -46.946   52.230
 -41.625   52.099
 -36.341   51.986
 -31.090   51.891
 -25.865   51.812
 -20.662   51.750
 -15.476   51.703
 -10.301   51.673
  -5.133   51.659
   0.033   51.660
   5.202   51.678
  10.379   51.711
  15.568   51.761
  20.775   51.828
  26.005   51.912
  31.264   52.013
  36.558   52.134
  41.894   52.273
  47.278   52.433
  52.719   52.615
  58.225   52.820
  63.804   53.048
 -63.405   58.213
 -57.913   58.003
 -52.478   57.814
 -47.094   57.647
 -41.754   57.501
 -36.452   57.374
 -31.183   57.267
 -25.940   57.179
 -20.720   57.110
 -15.517   57.058
 -10.325   57.024
  -5.140   57.008
   0.043   57.010
   5.229   57.030
  10.422   57.068
  15.629   57.125
  20.854   57.200
  26.103   57.294
  31.381   57.409
  36.696   57.544
  42.053   57.702
  47.460   57.882
  52.925   58.087
  58.456   58.317
  64.063   58.574
 -63.638   63.754
 -58.123   63.520
 -52.665   63.311
 -47.259   63.125
 -41.897   62.962
 -36.575   62.822
 -31.286   62.703
 -26.024   62.605
 -20.784   62.527
 -15.562   62.470
 -10.351   62.433
  -5.148   62.416
   0.054   62.418
   5.259   62.441
  10.472   62.483
  15.698   62.547
  20.944   62.631
  26.213   62.737
  31.514   62.865
  36.851   63.017
  42.233   63.193
  47.665   63.395
  53.157   63.624
  58.717   63.881
  64.354   64.169
