#  Xmm  Ymm  dx(px)  dy(px)
 -64.018  -64.018
 -58.441  -63.754
 -52.931  -63.517
 -47.480  -63.307
 -42.082  -63.122
 -36.728  -62.962
 -31.413  -62.825
 -26.129  -62.710
 -20.873  -62.618
 -15.637  -62.546
 -10.416  -62.495
  -5.205  -62.465
   0.000  -62.455
   5.205  -62.465
  10.416  -62.495
  15.637  -62.546
  20.873  -62.618
  26.129  -62.710
  31.413  -62.825
  36.728  -62.962
  42.082  -63.122
  47.480  -63.307
  52.931  -63.517
  58.441  -63.754
  64.018  -64.018
 -63.754  -58.441
 -58.204  -58.204
 -52.719  -57.991
 -47.293  -57.803
 -41.918  -57.638
 -36.587  -57.494
 -31.293  -57.371
 -26.031  -57.269
 -20.795  -57.186
 -15.579  -57.122
 -10.377  -57.076
  -5.186  -57.049
   0.000  -57.040
   5.186  -57.049
  10.377  -57.076
  15.579  -57.122
  20.795  -57.186
  26.031  -57.269
  31.293  -57.371
  36.587  -57.494
  41.918  -57.638
  47.293  -57.803
  52.719  -57.991
  58.204  -58.204
  63.754  -58.441
 -63.517  -52.931
 -57.991  -52.719
 -52.530  -52.530
 -47.127  -52.363
 -41.773  -52.216
 -36.462  -52.088
 -31.187  -51.979
 -25.944  -51.887
 -20.725  -51.813
 -15.527  -51.756
 -10.343  -51.716
  -5.169  -51.692
   0.000  -51.684
   5.169  -51.692
  10.343  -51.716
  15.527  -51.756
  20.725  -51.813
  25.944  -51.887
  31.187  -51.979
  36.462  -52.088
  41.773  -52.216
  47.127  -52.363
  52.530  -52.530
  57.991  -52.719
  63.517  -52.931
 -63.307  -47.480
 -57.803  -47.293
 -52.363  -47.127
 -46.979  -46.979
 -41.643  -46.849
 -36.350  -46.736
 -31.093  -46.639
 -25.866  -46.559
 -20.664  -46.494
 -15.481  -46.443
 -10.313  -46.407
  -5.154  -46.386
   0.000  -46.379
   5.154  -46.386
  10.313  -46.407
  15.481  -46.443
  20.664  -46.494
  25.866  -46.559
  31.093  -46.639
  36.350  -46.736
  41.643  -46.849
  46.979  -46.979
  52.363  -47.127
  57.803  -47.293
  63.307  -47.480
 -63.122  -42.082
 -57.638  -41.918
 -52.216  -41.773
 -46.849  -41.643
 -41.530  -41.530
 -36.252  -41.431
 -31.010  -41.347
 -25.798  -41.276
 -20.610  -41.219
 -15.441  -41.175
 -10.286  -41.144
  -5.141  -41.125
   0.000  -41.119
   5.141  -41.125
  10.286  -41.144
  15.441  -41.175
  20.610  -41.219
  25.798  -41.276
  31.010  -41.347
  36.252  -41.431
  41.530  -41.530
  46.849  -41.643
  52.216  -41.773
  57.638  -41.918
  63.122  -42.082
 -62.962  -36.728
 -57.494  -36.587
 -52.088  -36.462
 -46.736  -36.350
 -41.431  -36.252
 -36.167  -36.167
 -30.938  -36.095
 -25.739  -36.034
 -20.563  -35.985
 -15.406  -35.947
 -10.263  -35.920
  -5.129  -35.904
   0.000  -35.898
   5.129  -35.904
  10.263  -35.920
  15.406  -35.947
  20.563  -35.985
  25.739  -36.034
  30.938  -36.095
  36.167  -36.167
  41.431  -36.252
  46.736  -36.350
  52.088  -36.462
  57.494  -36.587
  62.962  -36.728
 -62.825  -31.413
 -57.371  -31.293
 -51.979  -31.187
 -46.639  -31.093
 -41.347  -31.010
 -36.095  -30.938
 -30.877  -30.877
 -25.688  -30.826
 -20.523  -30.784
 -15.376  -30.752
 -10.243  -30.729
  -5.119  -30.715
   0.000  -30.711
   5.119  -30.715
  10.243  -30.729
  15.376  -30.752
  20.523  -30.784
  25.688  -30.826
  30.877  -30.877
  36.095  -30.938
  41.347  -31.010
  46.639  -31.093
  51.979  -31.187
  57.371  -31.293
  62.825  -31.413
 -62.710  -26.129
 -57.269  -26.031
 -51.887  -25.944
 -46.559  -25.866
 -41.276  -25.798
 -36.034  -25.739
 -30.826  -25.688
 -25.646  -25.646
 -20.489  -25.611
 -15.351  -25.585
 -10.226  -25.566
  -5.111  -25.555
   0.000  -25.551
   5.111  -25.555
  10.226  -25.566
  15.351  -25.585
  20.489  -25.611
  25.646  -25.646
  30.826  -25.688
  36.034  -25.739
  41.276  -25.798
  46.559  -25.866
  51.887  -25.944
  57.269  -26.031
  62.710  -26.129
 -62.618  -20.873
 -57.186  -20.795
 -51.813  -20.725
 -46.494  -20.664
 -41.219  -20.610
 -35.985  -20.563
 -30.784  -20.523
 -25.611  -20.489
 -20.462  -20.462
 -15.331  -20.441
 -10.213  -20.426
  -5.104  -20.417
   0.000  -20.414
   5.104  -20.417
  10.213  -20.426
  15.331  -20.441
  20.462  -20.462
  25.611  -20.489
  30.784  -20.523
  35.985  -20.563
  41.219  -20.610
  46.494  -20.664
  51.813  -20.725
  57.186  -20.795
  62.618  -20.873
 -62.546  -15.637
 -57.122  -15.579
 -51.756  -15.527
 -46.443  -15.481
 -41.175  -15.441
 -35.947  -15.406
 -30.752  -15.376
 -25.585  -15.351
 -20.441  -15.331
 -15.315  -15.315
 -10.203  -15.304
  -5.099  -15.297
   0.000  -15.295
   5.099  -15.297
  10.203  -15.304
  15.315  -15.315
  20.441  -15.331
  25.585  -15.351
  30.752  -15.376
  35.947  -15.406
  41.175  -15.441
  46.443  -15.481
  51.756  -15.527
  57.122  -15.579
  62.546  -15.637
 -62.495  -10.416
 -57.076  -10.377
 -51.716  -10.343
 -46.407  -10.313
 -41.144  -10.286
 -35.920  -10.263
 -30.729  -10.243
 -25.566  -10.226
 -20.426  -10.213
 -15.304  -10.203
 -10.195  -10.195
  -5.095  -10.191
   0.000  -10.189
   5.095  -10.191
  10.195  -10.195
  15.304  -10.203
  20.426  -10.213
  25.566  -10.226
  30.729  -10.243
  35.920  -10.263
  41.144  -10.286
  46.407  -10.313
  51.716  -10.343
  57.076  -10.377
  62.495  -10.416
 -62.465   -5.205
 -57.049   -5.186
 -51.692   -5.169
 -46.386   -5.154
 -41.125   -5.141
 -35.904   -5.129
 -30.715   -5.119
 -25.555   -5.111
 -20.417   -5.104
 -15.297   -5.099
 -10.191   -5.095
  -5.093   -5.093
   0.000   -5.093
   5.093   -5.093
  10.191   -5.095
  15.297   -5.099
  20.417   -5.104
  25.555   -5.111
  30.715   -5.119
  35.904   -5.129
  41.125   -5.141
  46.386   -5.154
  51.692   -5.169
  57.049   -5.186
  62.465   -5.205
 -62.455    0.000
 -57.040    0.000
 -51.684    0.000
 -46.379    0.000
 -41.119    0.000
 -35.898    0.000
 -30.711    0.000
 -25.551    0.000
 -20.414    0.000
 -15.295    0.000
 -10.189    0.000
  -5.093    0.000
   0.000    0.000
   5.093    0.000
  10.189    0.000
  15.295    0.000
  20.414    0.000
  25.551    0.000
  30.711    0.000
  35.898    0.000
  41.119    0.000
  46.379    0.000
  51.684    0.000
  57.040    0.000
  62.455    0.000
 -62.465    5.205
 -57.049    5.186
 -51.692    5.169
 -46.386    5.154
 -41.125    5.141
 -35.904    5.129
 -30.715    5.119
 -25.555    5.111
 -20.417    5.104
 -15.297    5.099
 -10.191    5.095
  -5.093    5.093
  -0.000    5.093
   5.093    5.093
  10.191    5.095
  15.297    5.099
  20.417    5.104
  25.555    5.111
  30.715    5.119
  35.904    5.129
  41.125    5.141
  46.386    5.154
  51.692    5.169
  57.049    5.186
  62.465    5.205
 -62.495   10.416
 -57.076   10.377
 -51.716   10.343
 -46.407   10.313
 -41.144   10.286
 -35.920   10.263
 -30.729   10.243
 -25.566   10.226
 -20.426   10.213
 -15.304   10.203
 -10.195   10.195
  -5.095   10.191
  -0.000   10.189
   5.095   10.191
  10.195   10.195
  15.304   10.203
  20.426   10.213
  25.566   10.226
  30.729   10.243
  35.920   10.263
  41.144   10.286
  46.407   10.313
  51.716   10.343
  57.076   10.377
  62.495   10.416
 -62.546   15.637
 -57.122   15.579
 -51.756   15.527
 -46.443   15.481
 -41.175   15.441
 -35.947   15.406
 -30.752   15.376
 -25.585   15.351
 -20.441   15.331
 -15.315   15.315
 -10.203   15.304
  -5.099   15.297
  -0.000   15.295
   5.099   15.297
  10.203   15.304
  15.315   15.315
  20.441   15.331
  25.585   15.351
  30.752   15.376
  35.947   15.406
  41.175   15.441
  46.443   15.481
  51.756   15.527
  57.122   15.579
  62.546   15.637
 -62.618   20.873
 -57.186   20.795
 -51.813   20.725
 -46.494   20.664
 -41.219   20.610
 -35.985   20.563
 -30.784   20.523
 -25.611   20.489
 -20.462   20.462
 -15.331   20.441
 -10.213   20.426
  -5.104   20.417
  -0.000   20.414
   5.104   20.417
  10.213   20.426
  15.331   20.441
  20.462   20.462
  25.611   20.489
  30.784   20.523
  35.985   20.563
  41.219   20.610
  46.494   20.664
  51.813   20.725
  57.186   20.795
  62.618   20.873
 -62.710   26.129
 -57.269   26.031
 -51.887   25.944
 -46.559   25.866
 -41.276   25.798
 -36.034   25.739
 -30.826   25.688
 -25.646   25.646
 -20.489   25.611
 -15.351   25.585
 -10.226   25.566
  -5.111   25.555
  -0.000   25.551
   5.111   25.555
  10.226   25.566
  15.351   25.585
  20.489   25.611
  25.646   25.646
  30.826   25.688
  36.034   25.739
  41.276   25.798
  46.559   25.866
  51.887   25.944
  57.269   26.031
  62.710   26.129
 -62.825   31.413
 -57.371   31.293
 -51.979   31.187
 -46.639   31.093
 -41.347   31.010
 -36.095   30.938
 -30.877   30.877
 -25.688   30.826
 -20.523   30.784
 -15.376   30.752
 -10.243   30.729
  -5.119   30.715
  -0.000   30.711
   5.119   30.715
  10.243   30.729
  15.376   30.752
  20.523   30.784
  25.688   30.826
  30.877   30.877
  36.095   30.938
  41.347   31.010
  46.639   31.093
  51.979   31.187
  57.371   31.293
  62.825   31.413
 -62.962   36.728
 -57.494   36.587
 -52.088   36.462
 -46.736   36.350
 -41.431   36.252
 -36.167   36.167
 -30.938   36.095
 -25.739   36.034
 -20.563   35.985
 -15.406   35.947
 -10.263   35.920
  -5.129   35.904
  -0.000   35.898
   5.129   35.904
  10.263   35.920
  15.406   35.947
  20.563   35.985
  25.739   36.034
  30.938   36.095
  36.167   36.167
  41.431   36.252
  46.736   36.350
  52.088   36.462
  57.494   36.587
  62.962   36.728
 -63.122   42.082
 -57.638   41.918
 -52.216   41.773
 -46.849   41.643
 -41.530   41.530
 -36.252   41.431
 -31.010   41.347
 -25.798   41.276
 -20.610   41.219
 -15.441   41.175
 -10.286   41.144
  -5.141   41.125
  -0.000   41.119
   5.141   41.125
  10.286   41.144
  15.441   41.175
  20.610   41.219
  25.798   41.276
  31.010   41.347
  36.252   41.431
  41.530   41.530
  46.849   41.643
  52.216   41.773
  57.638   41.918
  63.122   42.082
 -63.307   47.480
 -57.803   47.293
 -52.363   47.127
 -46.979   46.979
 -41.643   46.849
 -36.350   46.736
 -31.093   46.639
 -25.866   46.559
 -20.664   46.494
 -15.481   46.443
 -10.313   46.407
  -5.154   46.386
  -0.000   46.379
   5.154   46.386
  10.313   46.407
  15.481   46.443
  20.664   46.494
  25.866   46.559
  31.093   46.639
  36.350   46.736
  41.643   46.849
  46.979   46.979
  52.363   47.127
  57.803   47.293
  63.307   47.480
 -63.517   52.931
 -57.991   52.719
 -52.530   52.530
 -47.127   52.363
 -41.773   52.216
 -36.462   52.088
 -31.187   51.979
 -25.944   51.887
 -20.725   51.813
 -15.527   51.756
 -10.343   51.716
  -5.169   51.692
  -0.000   51.684
   5.169   51.692
  10.343   51.716
  15.527   51.756
  20.725   51.813
  25.944   51.887
  31.187   51.979
  36.462   52.088
  41.773   52.216
  47.127   52.363
  52.530   52.530
  57.991   52.719
  63.517   52.931
 -63.754   58.441
 -58.204   58.204
 -52.719   57.991
 -47.293   57.803
 -41.918   57.638
 -36.587   57.494
 -31.293   57.371
 -26.031   57.269
 -20.795   57.186
 -15.579   57.122
 -10.377   57.076
  -5.186   57.049
  -0.000   57.040
   5.186   57.049
  10.377   57.076
  15.579   57.122
  20.795   57.186
  26.031   57.269
  31.293   57.371
  36.587   57.494
  41.918   57.638
  47.293   57.803
  52.719   57.991
  58.204   58.204
  63.754   58.441
 -64.018   64.018
 -58.441   63.754
 -52.931   63.517
 -47.480   63.307
 -42.082   63.122
 -36.728   62.962
 -31.413   62.825
 -26.129   62.710
 -20.873   62.618
 -15.637   62.546
 -10.416   62.495
  -5.205   62.465
  -0.000   62.455
   5.205   62.465
  10.416   62.495
  15.637   62.546
  20.873   62.618
  26.129   62.710
  31.413   62.825
  36.728   62.962
  42.082   63.122
  47.480   63.307
  52.931   63.517
  58.441   63.754
  64.018   64.018
