# Wed 11:02:10 02-Jan-2002
begin	dismod.txt
	xrefmean	-3.417969E-7
	yrefmean	2.319336E-7
	xmean		2.687394
	ymean		-1.192093E-11
	geometry	general
	function	polynomial
	xshift		2.687394
	yshift		-1.188004E-11
	xmag		9.526559E-7
	ymag		1.763009E-7
	xrotation	180.0002
	yrotation	179.0127
	xrms		6.264596E-4
	yrms		8.570680E-4
	surface1	11
			3.	3.
			2.	2.
			2.	2.
			0.	0.
			-70.	-70.
			70.	70.
			-70.	-70.
			70.	70.
			2.687394	-1.188004E-11
			-9.526559E-7	3.787381E-12
			3.037802E-9	-1.762747E-7
	surface2	13
			3.	3.
			3.	3.
			3.	2.
			0.	2.
			-70.	-70.
			70.	70.
			-70.	-70.
			70.	70.
			-0.08069842	-1.323282E-9
			-1.183012E-9	-8.045879E-11
			4.287830E-5	5.349771E-13
			-3.537098E-9	-2.202942E-11
			1.434731E-5	2.908785E-5
